Enclosed are the data sets from Bates and Watts (1988) "Nonlinear
Regression Analysis and Its Applications", Wiley.  They are in S dump
format as data frames.  (If you don't know what a data frame is, don't
worry.  Just consider them to be lists.  Data frames will be described
in a book on "Statistical Modelling in S" to be published Real Soon Now.)

-- Doug Bates  (bates@stat.wisc.edu)

"BOD"<-
structure(.Data = list(time = c(1, 2, 3, 4, 5, 7), demand = c(8.300000000000001,
	10.3, 19, 16, 15.6, 19.8)), row.names = c("1", "2", "3", "4", "5",
	"6"), class = "data.frame", reference = "A1.4, p. 270")
"BOD2"<-
structure(.Data = list(time = c(1, 2, 3, 4, 5, 7, 9, 11), bod = c(.47, .74,
	1.17, 1.42, 1.6, 1.84, 2.19, 2.17)), row.names = c("1", "2", "3", "4",
	"5", "6", "7", "8"), class = "data.frame", reference = "A4.1, p. 305")
"Chloride"<-
structure(.Data = list(time = c(2.45, 2.55, 2.65, 2.75, 2.85, 2.95, 3.05, 3.15,
	3.25, 3.35, 3.45, 3.55, 3.65, 3.75, 3.85, 3.95, 4.05, 4.15, 4.25, 4.35,
	4.45, 4.55, 4.65, 4.75, 4.85, 4.95, 5.05, 5.15, 5.25, 5.35, 5.45, 5.55,
	5.65, 5.75, 5.85, 5.95, 6.05, 6.15, 6.25, 6.35, 6.45, 6.55, 6.65, 6.75,
	6.85, 6.95, 7.05, 7.15, 7.25, 7.35, 7.45, 7.55, 7.65, 7.75), conc = c(
	17.3, 17.6, 17.9, 18.3, 18.5, 18.9, 19, 19.3, 19.8, 19.9, 20.2, 20.5,
	20.6, 21.1, 21.5, 21.9, 22, 22.3, 22.6, 22.8, 23, 23.2, 23.4, 23.7,
	24, 24.2, 24.5, 25, 25.4, 25.5, 25.9, 25.9, 26.3, 26.2, 26.5, 26.5,
	26.6, 27, 27, 27, 27, 27.3, 27.8, 28.1, 28.1, 28.1, 28.4, 28.6, 29,
	29.2, 29.3, 29.4, 29.4, 29.4)), row.names = c("1", "2", "3", "4", "5",
	"6", "7", "8", "9", "10", "11", "12", "13", "14", "15", "16", "17",
	"18", "19", "20", "21", "22", "23", "24", "25", "26", "27", "28", "29",
	"30", "31", "32", "33", "34", "35", "36", "37", "38", "39", "40", "41",
	"42", "43", "44", "45", "46", "47", "48", "49", "50", "51", "52", "53",
	"54"), class = "data.frame", reference = "A1.9, p. 274")
"Coal"<-
structure(.Data = list(time = c(25, 25, 25, 25, 25, 25, 25, 40, 25, 25, 25,
	25, 25, 70, 90, 70, 25, 55, 55, 55, 55, 55, 55), temp = c(713.7, 713.7,
	713.7, 713.7, 713.7, 713.7, 705.4, 705.4, 705.4, 705.4, 705.4, 705.4,
	705.4, 697, 688.7, 697, 697, 697, 697, 697, 697, 697, 697), pressure = 
	c(16.028, 16.304, 16.166, 16.166, 13.96, 13.822, 13.684, 13.546, 13.063,
	13.063, 13.684, 16.235, 13.684, 13.27, 13.27, 13.339, 13.339, 12.926,
	15.27, 18.717, 17.338, 14.442, 17.338), fe2o3 = c(2.608, 2.609, 2.611,
	2.607, 2.597, 2.607, 2.611, 2.612, 2.64, 2.639, 2.609, 2.511, 2.593,
	2.589, 2.599, 2.599, 2.597, 2.599, 1.688, 0, 1.723, 1.65, 2.611), tr = 
	c(66.34099999999999, 66.34, 66.34099999999999, 66.339, 66.358, 66.373,
	66.395, 66.38, 85.878, 77.92700000000001, 83.91500000000001, 56.633,
	66.358, 66.35899999999999, 66.346, 66.351, 66.358, 66.351, 48.74, 
	46.306, 46.44, 24.786, 66.33199999999999), x1 = c(0.015, 0.015, 0.015,
	0.015, 0.015, 0.015, 0.015, 0.015, 0.015, 0.015, 0.012, 0.014, 0.015,
	0.015, 0.015, 0.015, 0.015, 0.015, 0, 0, 0, 0, 0.018), x2 = c(22.308,
	22.306, 22.316, 22.308, 22.384, 22.381, 22.39, 22.388, 28.726, 26.043,
	23.684, 18.764, 22.423, 22.388, 22.389, 22.416, 22.418, 22.387, 17.879,
	16.896, 16.879, 9.016999999999999, 20.634), x3 = c(41.013, 41.009,
	41.027, 41.013, 41.133, 41.13, 41.134, 41.142, 35.106, 37.783, 45.926,
	43.472, 41.217, 41.147, 41.166, 41.207, 41.209, 41.154, 41.423, 39.141,
	39.11, 51.088, 37.928), x4 = c(.18, .18, .184, .18, .18, .18, .18,
	.18, .181, .185, .151, .173, 0, .184, .179, 0, 0, .18, 0, 0, 0, 0,
	0), x5 = c(0.008, 0.007, 0.016, 0.008, 0.008999999999999999, 0.008,
	0.007, 0.007, 0.008999999999999999, 0.017, 0.006, 0.011, 0, 0.019,
	0.007, 0, 0, 0.008999999999999999, 0, 0, 0, 0, 0), x6 = c(.82, .82,
	.82, .82, .821, .822, .823, .823, .819, .8179999999999999, 
	.6879999999999999, 2.812, .822, .82, .822, .823, .822, .822, 2.137,
	4.805, 4.998, 1.57, 7.618), x7 = c(2.029, 2.04, 1.984, 2.03, 1.726,
	1.746, 1.73, 1.717, 1.694, 1.719, 1.31, 1.622, 1.733, 1.689, 1.676,
	1.757, 1.753, 1.693, 1.88, 2.67, 2.669, 1.946, 2.696), x8 = c(33.627,
	33.623, 33.638, 33.627, 33.731, 33.719, 33.722, 33.728, 33.45, 33.419,
	28.223, 33.132, 33.79, 33.738, 33.747, 33.783, 33.783, 33.74, 36.682,
	36.489, 36.345, 36.38, 31.106), y1 = c(1.702, 1.777, 1.39, 1.674, 2.392,
	1.909, 2.694, 1.843, 2.998, 2.793, 2.103, 2.455, 2.276, 1.5, 1.699,
	1.679, 3.138, 1.615, 2.177, 4.423, 1.672, 2.347, 1.226), y2 = c(35.197,
	34.87, 36.224, 36.295, 35.439, 34.65, 36.093, 33.549, 42.572, 40.889,
	34.867, 36.858, 38.326, 36.885, 35.716, 36.764, 38.821, 36.61, 39.042,
	35.829, 35.249, 29.585, 31.952), y3 = c(53.884, 54.317, 52.909, 52.692,
	52.698, 53.758, 53.323, 55.452, 46.972, 48.832, 56.44, 48.818, 50.961,
	52.21, 53.325, 52.093, 50.516, 52.378, 46.474, 44.133, 47.062, 55.937,
	50.266), y4 = c(1.729, 1.715, 1.902, 1.842, 2.046, 1.972, 1.442, 1.816,
	1.404, 1.461, 1.182, 1.567, 1.424, 2.225, 1.854, 2.017, .927, 1.744,
	1.904, 1.989, 1.882, 1.832, 1.856), y5 = c(1.985, 1.83, 2.063, 2.006,
	2.146, 2.067, 1.935, 2.041, 1.62, 1.744, 1.619, 3.015, 1.797, 2.099,
	2.289, 2.183, 1.71, 2.137, 3.339, 3.558, 3.356, 3.231, 2.203), y6 = c(
	4.01, 4.02, 4.027, 4.017, 3.986, 4.401, 3.234, 4.151, 3.199, 3.051,
	2.759, 5.909, 3.87, 3.99, 4.032, 4.085, 3.532, 4.403, 5.737, 7.811,
	8.813000000000001, 5.66, 10.507), y7 = c(1.491, 1.47, 1.485, 1.474,
	1.294, 1.242, 1.279, 1.148, 1.235, 1.229, 1.03, 1.38, 1.346, 1.091,
	1.084, 1.178, 1.356, 1.113, 1.327, 2.258, 1.967, 1.41, 1.989)), 
	row.names = c(52, 53, 54, 55, 56, 57, 58, 59, 60, 61, 64, 65, 77, 78,
	79, 80, 81, 82, 86, 91, 92, 94, 95), class = "data.frame")
"Ethyl"<-
structure(.Data = list(start = c(0, .25, .5, .75, 1, 1.5, 2, 4, 6, 8, 24, 48),
	length = c(.25, .25, .25, .25, .5, .5, 2, 2, 2, 16, 24, 24), CO2 = c(
	0.01563, 0.0419, 0.05328, 0.05226, 0.0885, 0.0634, .13419, 0.04502,
	0.02942, 0.02716, 0.01037, 0.00602)), row.names = c("1", "2", "3",
	"4", "5", "6", "7", "8", "9", "10", "11", "12"), class = "data.frame",
	reference = "A1.10, p. 274")
"Isom"<-
structure(.Data = list(hyd = c(205.8, 404.8, 209.7, 401.6, 224.9, 402.6, 212.7,
	406.2, 133.3, 470.9, 300, 301.6, 297.3, 314, 305.7, 300.1, 305.4, 305.2,
	300.1, 106.6, 417.2, 251, 250.3, 145.1), n.pent = c(90.90000000000001,
	92.90000000000001, 174.9, 187.2, 92.7, 102.2, 186.9, 192.6, 140.8,
	144.2, 68.3, 214.6, 142.2, 146.7, 142, 143.7, 141.1, 141.5, 83, 209.6,
	83.90000000000001, 294.4, 148, 291), iso.pen = c(37.1, 36.3, 49.4,
	44.9, 116.3, 128.9, 134.4, 134.9, 87.59999999999999, 86.90000000000001,
	81.7, 101.7, 10.5, 157.1, 86, 90.2, 87.40000000000001, 87, 
	66.40000000000001, 33, 32.9, 41.5, 14.7, 50.2), rate = c(3.541, 2.397,
	6.694, 4.722, .593, .268, 2.797, 2.451, 3.196, 2.021, .896, 5.084,
	5.686, 1.193, 2.648, 3.303, 3.054, 3.302, 1.271, 11.648, 2.002, 
	9.603999999999999, 7.754, 11.59)), row.names = c("1", "2", "3", "4",
	"5", "6", "7", "8", "9", "10", "11", "12", "13", "14", "15", "16",
	"17", "18", "19", "20", "21", "22", "23", "24"), class = "data.frame",
	reference = "A1.4, p. 271")
"Leaves"<-
structure(.Data = list(time = c(.5, 1.5, 2.5, 3.5, 4.5, 5.5, 6.5, 7.5, 8.5,
	9.5, 10.5, 11.5, 12.5, 13.5, 14.5), length = c(1.3, 1.3, 1.9, 3.4,
	5.3, 7.1, 10.6, 16, 16.4, 18.3, 20.9, 20.5, 21.3, 21.2, 20.9)), 
	row.names = c("1", "2", "3", "4", "5", "6", "7", "8", "9", "10", "11",
	"12", "13", "14", "15"), class = "data.frame", reference = 
	"A4.5, p. 310")
"Lipo"<-
structure(.Data = list(time = c(.5, 1, 1.5, 2, 3, 4, 5, 6, 7, 8, 9, 10), conc
	 = c(46.1, 25.9, 17, 12.1, 7.22, 4.51, 3.19, 2.4, 1.82, 1.41, 1, 
	.9399999999999999)), row.names = c("1", "2", "3", "4", "5", "6", "7",
	"8", "9", "10", "11", "12"), class = "data.frame", reference = 
	"A1.16, p. 282")
